adx_threshold: 31.959818254342153
bb_period: 28
bb_std: 1.7340279606636548
cooldown_days: 4
ma_period: 51
max_correlation: 0.6064847850358381
max_drawdown_threshold: -0.2227262549189349
max_positions: 15
mean_reversion_weight: 0.8661761457749352
momentum_weight: 0.15599452033620265
portfolio_vol_target: 0.10548069328139315
position_cap: 0.3164885281600843
rebalance_frequency: weekly
rsi_period: 29
trend_weight: 0.05808361216819946
