adx_threshold: 17.534732300426718
bb_period: 13
bb_std: 2.705226499787383
cooldown_days: 5
ma_period: 99
max_correlation: 0.5984732044237185
max_drawdown_threshold: -0.248363831268409
max_positions: 7
mean_reversion_weight: 0.028474708228389045
momentum_weight: 0.7437069310414564
portfolio_vol_target: 0.1419346250120725
position_cap: 0.2123318311209338
rebalance_frequency: daily
rsi_period: 13
trend_weight: 0.7279126500083142
